theta a b n2
80 0.21627 -0.12737 0.06299
81 0.24444 -0.14358 0.08036
82 0.27487 -0.16111 0.10151
83 0.30752 -0.17993 0.12695
84 0.34230 -0.20001 0.15717
85 0.37907 -0.22126 0.19265
86 0.41766 -0.24360 0.23378
87 0.45783 -0.26689 0.28084
88 0.49932 -0.29096 0.33398
89 0.54179 -0.31562 0.39315
90 0.58488 -0.34062 0.45810
91 0.62818 -0.36570 0.52835
92 0.67126 -0.39056 0.60313
93 0.71364 -0.41488 0.68141
94 0.75484 -0.43828 0.76187
95 0.79435 -0.46040 0.84296
96 0.83168 -0.48084 0.92289
97 0.86633 -0.49920 0.99972
98 0.89782 -0.51506 1.07138
99 0.92573 -0.52804 1.13581
100 0.94965 -0.53773 1.19100
101 0.96923 -0.54379 1.23512
102 0.98418 -0.54588 1.26660
103 0.99428 -0.54370 1.28420
104 0.99936 -0.53703 1.28712
105 0.99936 -0.52567 1.27506
106 0.99428 -0.50952 1.24819
107 0.98418 -0.48852 1.20726
108 0.96923 -0.46270 1.15350
109 0.94965 -0.43217 1.08862
110 0.92573 -0.39712 1.01469
111 0.89782 -0.35781 0.93412
112 0.86633 -0.31458 0.84948
113 0.83168 -0.26785 0.76343
114 0.79435 -0.21808 0.67855
115 0.75484 -0.16581 0.59728
116 0.71364 -0.11162 0.52175
117 0.67126 -0.05614 0.45374
118 0.62818 0.00000 0.39461
119 0.58488 0.05614 0.34523
120 0.54179 0.11162 0.30599
121 0.49932 0.16581 0.27681
122 0.45783 0.21808 0.25717
123 0.41766 0.26785 0.24618
124 0.37907 0.31458 0.24266
125 0.34230 0.35781 0.24520
126 0.30752 0.39712 0.25228
127 0.27487 0.43217 0.26233
128 0.24444 0.46270 0.27384
129 0.21627 0.48852 0.28542
130 0.19037 0.50952 0.29585
131 0.16672 0.52567 0.30413
132 0.14526 0.53703 0.30950
133 0.12593 0.54370 0.31147
134 0.10861 0.54588 0.30978
135 0.09319 0.54379 0.30439
136 0.07956 0.53773 0.29549
137 0.06758 0.52804 0.28339
138 0.05710 0.51506 0.26855
139 0.04801 0.49920 0.25150
140 0.04016 0.48084 0.23282
141 0.03342 0.46040 0.21309
142 0.02767 0.43828 0.19286
143 0.02279 0.41488 0.17264
144 0.01868 0.39056 0.15289
145 0.01523 0.36570 0.13397
146 0.01236 0.34062 0.11617
147 0.00997 0.31562 0.09971
148 0.00801 0.29096 0.08472
149 0.00640 0.26689 0.07127
150 0.00509 0.24360 0.05937
151 0.00402 0.22126 0.04897
152 0.00316 0.20001 0.04001
153 0.00248 0.17993 0.03238
154 0.00193 0.16111 0.02596
155 0.00149 0.14358 0.02062
156 0.00115 0.12737 0.01622
157 0.00088 0.11247 0.01265
158 0.00067 0.09886 0.00977
159 0.00051 0.08650 0.00748
160 0.00039 0.07535 0.00568
161 0.00029 0.06534 0.00427
162 0.00022 0.05642 0.00318
163 0.00016 0.04849 0.00235
164 0.00012 0.04150 0.00172
165 0.00009 0.03536 0.00125
166 0.00006 0.02999 0.00090
167 0.00005 0.02533 0.00064
168 0.00003 0.02131 0.00045
169 0.00002 0.01784 0.00032
170 0.00002 0.01488 0.00022
171 0.00001 0.01235 0.00015
172 0.00001 0.01021 0.00010
173 0.00001 0.00841 0.00007
174 0.00000 0.00689 0.00005
175 0.00000 0.00562 0.00003
176 0.00000 0.00457 0.00002
177 0.00000 0.00370 0.00001
178 0.00000 0.00298 0.00001
179 0.00000 0.00239 0.00001
180 0.00000 0.00191 0.00000
