x wA1 wE wA2
0.00 0.333333 0.666667 0
0.02 0.333333 0.666667 0
0.03 0.333333 0.666667 0
0.04 0.333333 0.666667 0
0.05 0.333333 0.666667 0
0.06 0.333333 0.666667 0
0.07 0.333333 0.666667 0
0.08 0.333333 0.666667 0
0.09 0.333333 0.666667 0
0.10 0.333336 0.666664 0
0.11 0.333355 0.666645 0
0.12 0.333447 0.666553 0
0.13 0.333742 0.666258 0
0.14 0.334466 0.665534 0
0.15 0.335911 0.664089 0
0.16 0.338384 0.661616 0
0.17 0.342153 0.657847 0
0.18 0.347406 0.652594 0
0.19 0.354232 0.645768 0
0.20 0.362625 0.637375 0
0.21 0.372500 0.627500 0
0.22 0.383716 0.616284 0
0.23 0.396095 0.603905 0
0.24 0.409441 0.590559 0
0.25 0.423557 0.576443 0
0.26 0.438251 0.561749 0
0.27 0.453348 0.546652 0
0.28 0.468689 0.531311 0
0.29 0.484135 0.515865 0
0.30 0.499568 0.500432 0
0.31 0.514889 0.485111 0
0.32 0.530015 0.469985 0
0.33 0.544881 0.455119 0
0.34 0.559433 0.440567 0
0.35 0.573632 0.426368 0
0.36 0.587448 0.412552 0
0.37 0.600859 0.399141 0
0.38 0.613852 0.386148 0
0.39 0.626418 0.373582 0
0.40 0.638556 0.361444 0
0.41 0.650265 0.349735 0
0.42 0.661550 0.338450 0
0.43 0.672418 0.327582 0
0.44 0.682877 0.317123 0
0.45 0.692938 0.307062 0
0.46 0.702613 0.297387 0
0.47 0.711912 0.288088 0
0.48 0.720849 0.279151 0
0.49 0.729436 0.270564 0
0.50 0.737687 0.262313 0
0.51 0.745615 0.254385 0
0.52 0.753231 0.246769 0
0.53 0.760550 0.239450 0
0.54 0.767583 0.232417 0
0.55 0.774343 0.225657 0
0.56 0.780841 0.219159 0
0.57 0.787088 0.212912 0
0.58 0.793095 0.206905 0
0.59 0.798873 0.201127 0
0.60 0.804432 0.195568 0
0.61 0.809782 0.190218 0
0.62 0.814931 0.185069 0
0.63 0.819888 0.180112 0
0.64 0.824663 0.175337 0
0.65 0.829262 0.170738 0
0.66 0.833694 0.166306 0
0.67 0.837966 0.162034 0
0.68 0.842086 0.157914 0
0.69 0.846059 0.153941 0
0.70 0.849892 0.150108 0
0.71 0.853591 0.146409 0
0.72 0.857161 0.142839 0
0.73 0.860610 0.139390 0
0.74 0.863940 0.136060 0
0.75 0.867158 0.132842 0
0.76 0.870269 0.129731 0
0.77 0.873276 0.126724 0
0.78 0.876183 0.123817 0
0.79 0.878996 0.121004 0
0.80 0.881718 0.118282 0
0.81 0.884353 0.115647 0
0.82 0.886904 0.113096 0
0.83 0.889374 0.110626 0
0.84 0.891767 0.108233 0
0.85 0.894086 0.105914 0
0.86 0.896333 0.103667 0
0.87 0.898513 0.101487 0
0.88 0.900626 0.099374 0
0.89 0.902676 0.097324 0
0.90 0.904665 0.095335 0
0.91 0.906595 0.093405 0
0.92 0.908469 0.091531 0
0.93 0.910289 0.089711 0
0.94 0.912056 0.087944 0
0.95 0.913773 0.086227 0
0.96 0.915442 0.084558 0
0.97 0.917063 0.082937 0
0.98 0.918640 0.081360 0
0.99 0.920173 0.079827 0
1.00 0.921665 0.078335 0
1.01 0.923115 0.076885 0
1.02 0.924527 0.075473 0
1.03 0.925901 0.074099 0
1.04 0.927239 0.072761 0
1.05 0.928542 0.071458 0
1.06 0.929810 0.070190 0
1.07 0.931046 0.068954 0
1.08 0.932250 0.067750 0
1.09 0.933424 0.066576 0
1.10 0.934567 0.065433 0
1.11 0.935683 0.064317 0
1.12 0.936770 0.063230 0
1.13 0.937830 0.062170 0
1.14 0.938865 0.061135 0
1.15 0.939874 0.060126 0
1.16 0.940859 0.059141 0
1.17 0.941821 0.058179 0
1.18 0.942759 0.057241 0
1.19 0.943675 0.056325 0
1.20 0.944570 0.055430 0
1.21 0.945444 0.054556 0
1.22 0.946298 0.053702 0
1.23 0.947132 0.052868 0
1.24 0.947947 0.052053 0
1.25 0.948744 0.051256 0
1.26 0.949523 0.050477 0
1.27 0.950285 0.049715 0
1.28 0.951029 0.048971 0
1.29 0.951757 0.048243 0
1.30 0.952470 0.047530 0
1.31 0.953167 0.046833 0
1.32 0.953848 0.046152 0
1.33 0.954516 0.045484 0
1.34 0.955169 0.044831 0
1.35 0.955808 0.044192 0
1.36 0.956434 0.043566 0
1.37 0.957047 0.042953 0
1.38 0.957647 0.042353 0
1.39 0.958235 0.041765 0
1.40 0.958810 0.041190 0
1.41 0.959374 0.040626 0
1.42 0.959927 0.040073 0
1.43 0.960469 0.039531 0
1.44 0.961000 0.039000 0
1.45 0.961520 0.038480 0
1.46 0.962030 0.037970 0
1.47 0.962530 0.037470 0
1.48 0.963020 0.036980 0
1.49 0.963501 0.036499 0
1.50 0.963973 0.036027 0
1.51 0.964436 0.035564 0
1.52 0.964890 0.035110 0
1.53 0.965335 0.034665 0
1.54 0.965772 0.034228 0
1.55 0.966201 0.033799 0
1.56 0.966622 0.033378 0
1.57 0.967035 0.032965 0
1.58 0.967441 0.032559 0
1.59 0.967839 0.032161 0
1.60 0.968230 0.031770 0
1.61 0.968614 0.031386 0
1.62 0.968991 0.031009 0
1.63 0.969362 0.030638 0
1.64 0.969725 0.030275 0
1.65 0.970083 0.029917 0
1.66 0.970434 0.029566 0
1.67 0.970779 0.029221 0
1.68 0.971119 0.028881 0
1.69 0.971452 0.028548 0
1.70 0.971780 0.028220 0
1.71 0.972102 0.027898 0
1.72 0.972418 0.027582 0
1.73 0.972730 0.027270 0
1.74 0.973036 0.026964 0
1.75 0.973337 0.026663 0
1.76 0.973633 0.026367 0
1.77 0.973924 0.026076 0
1.78 0.974211 0.025789 0
1.79 0.974492 0.025508 0
1.80 0.974770 0.025230 0
1.81 0.975042 0.024958 0
1.82 0.975311 0.024689 0
1.83 0.975575 0.024425 0
1.84 0.975835 0.024165 0
1.85 0.976091 0.023909 0
1.86 0.976342 0.023658 0
1.87 0.976590 0.023410 0
1.88 0.976834 0.023166 0
1.89 0.977075 0.022925 0
1.90 0.977311 0.022689 0
1.91 0.977544 0.022456 0
1.92 0.977773 0.022227 0
1.93 0.977999 0.022001 0
1.94 0.978222 0.021778 0
1.95 0.978441 0.021559 0
1.96 0.978657 0.021343 0
1.97 0.978869 0.021131 0
1.98 0.979079 0.020921 0
1.99 0.979285 0.020715 0
2.00 0.979489 0.020511 0
